0.0000000000E+00  0.1031615106E+01  0.4000000000E+00  0.0000000000E+00  0.0000000000E+00
0.4947103300E-01  0.1031615106E+01  0.3999139610E+00  -.3477722076E-02  0.7319502571E-03
0.9894206599E-01  0.1031615106E+01  0.3996560332E+00  -.6947789520E-02  0.2924921800E-02
0.1484130990E+00  0.1031615106E+01  0.3992267842E+00  -.1040258578E-01  0.6570291039E-02
0.1978841320E+00  0.1031615106E+01  0.3986271562E+00  -.1383457016E-01  0.1165373231E-01
0.2473551650E+00  0.1031615106E+01  0.3978584620E+00  -.1723631499E-01  0.1815528834E-01
0.2968261980E+00  0.1031615106E+01  0.3969223783E+00  -.2060054182E-01  0.2604946889E-01
0.3462972310E+00  0.1031615106E+01  0.3958209376E+00  -.2392015650E-01  0.3530537742E-01
0.3957682640E+00  0.1031615106E+01  0.3945565178E+00  -.2718828270E-01  0.4588686581E-01
0.4452392970E+00  0.1031615106E+01  0.3931318312E+00  -.3039829366E-01  0.5775271670E-01
0.4947103300E+00  0.1031615106E+01  0.3915499110E+00  -.3354384204E-01  0.7085685330E-01
0.5441813630E+00  0.1031615106E+01  0.3898140970E+00  -.3661888745E-01  0.8514857593E-01
0.5936523960E+00  0.1031615106E+01  0.3879280196E+00  -.3961772161E-01  0.1005728247E+00
0.6431234290E+00  0.1031615106E+01  0.3858955830E+00  -.4253499093E-01  0.1170704675E+00
0.6925944620E+00  0.1031615106E+01  0.3837209471E+00  -.4536571631E-01  0.1345786113E+00
0.7425294986E+00  0.1031615106E+01  0.3813861814E+00  -.4813056061E-01  0.1532082584E+00
0.7924645352E+00  0.1031615106E+01  0.3789157617E+00  -.5079825757E-01  0.1727285013E+00
0.8424990312E+00  0.1031615106E+01  0.3763093294E+00  -.5336994982E-01  0.1931064371E+00
0.8925335272E+00  0.1031615106E+01  0.3735768338E+00  -.5583677992E-01  0.2142270264E+00
0.9425680232E+00  0.1031615106E+01  0.3707235983E+00  -.5819575171E-01  0.2360112619E+00
0.9926025192E+00  0.1031615106E+01  0.3677550851E+00  -.6044432065E-01  0.2583785895E+00
0.1042637015E+01  0.1031615106E+01  0.3646768725E+00  -.6258039271E-01  0.2812473523E+00
0.1092671511E+01  0.1031615106E+01  0.3614946323E+00  -.6460232040E-01  0.3045352381E+00
0.1142706007E+01  0.1031615106E+01  0.3582141076E+00  -.6650889583E-01  0.3281597267E+00
0.1192740503E+01  0.1031615106E+01  0.3548410912E+00  -.6829934112E-01  0.3520385329E+00
0.1242774999E+01  0.1031615106E+01  0.3513814044E+00  -.6997329635E-01  0.3760900416E+00
0.1292809495E+01  0.1031615106E+01  0.3478408763E+00  -.7153080513E-01  0.4002337304E+00
0.1342843991E+01  0.1031615106E+01  0.3442253240E+00  -.7297229818E-01  0.4243905769E+00
0.1392878487E+01  0.1031615106E+01  0.3405405337E+00  -.7429857503E-01  0.4484834459E+00
0.1445537820E+01  0.1031615106E+01  0.3365939602E+00  -.7557125474E-01  0.4736888838E+00
0.1498197152E+01  0.1031615106E+01  0.3325836577E+00  -.7671931810E-01  0.4986563499E+00
0.1551838236E+01  0.1031615106E+01  0.3284397997E+00  -.7776284012E-01  0.5237612568E+00
0.1605479321E+01  0.1031615106E+01  0.3242433185E+00  -.7868182874E-01  0.5484546146E+00
0.1659120405E+01  0.1031615106E+01  0.3200008171E+00  -.7947920896E-01  0.5726600150E+00
0.1712761489E+01  0.1031615106E+01  0.3157187335E+00  -.8015820749E-01  0.5963059287E+00
0.1766402574E+01  0.1031615106E+01  0.3114033251E+00  -.8072231842E-01  0.6193259477E+00
0.1820043658E+01  0.1031615106E+01  0.3070606558E+00  -.8117526916E-01  0.6416589730E+00
0.1873684743E+01  0.1031615106E+01  0.3026965836E+00  -.8152098694E-01  0.6632493522E+00
0.1927325827E+01  0.1031615106E+01  0.2983167517E+00  -.8176356602E-01  0.6840469634E+00
0.1980966912E+01  0.1031615106E+01  0.2939265795E+00  -.8190723613E-01  0.7040072517E+00
0.2034607996E+01  0.1031615106E+01  0.2895312568E+00  -.8195633205E-01  0.7230912180E+00
0.2094325929E+01  0.1031615106E+01  0.2846379823E+00  -.8190512436E-01  0.7432655865E+00
0.2154043861E+01  0.1031615106E+01  0.2797509494E+00  -.8174832424E-01  0.7622740936E+00
0.2263345916E+01  0.1031615106E+01  0.2708423425E+00  -.8120828691E-01  0.7939508825E+00
0.2372647970E+01  0.1031615106E+01  0.2620092414E+00  -.8037296918E-01  0.8215061411E+00
0.2481950025E+01  0.1031615106E+01  0.2532818919E+00  -.7927931044E-01  0.8448999284E+00
0.2591252080E+01  0.1031615106E+01  0.2446865729E+00  -.7796287298E-01  0.8641630159E+00
0.2700554134E+01  0.1031615106E+01  0.2362457725E+00  -.7645739121E-01  0.8793871813E+00
0.2809856189E+01  0.1031615106E+01  0.2279784072E+00  -.7479444286E-01  0.8907151703E+00
0.2885851375E+01  0.1031615106E+01  0.2223408949E+00  -.7356099342E-01  0.8963910120E+00
0.2961846562E+01  0.1031615106E+01  0.2167991826E+00  -.7227469713E-01  0.9003427373E+00
0.3032465806E+01  0.1031615106E+01  0.2117386071E+00  -.7103948112E-01  0.9025368031E+00
0.3103085051E+01  0.1031615106E+01  0.2067664245E+00  -.6977235442E-01  0.9033739481E+00
0.3173704295E+01  0.1031615106E+01  0.2018846764E+00  -.6847924561E-01  0.9029220991E+00
0.3244323539E+01  0.1031615106E+01  0.1970950012E+00  -.6716565096E-01  0.9012509184E+00
0.3314942784E+01  0.1031615106E+01  0.1923986638E+00  -.6583664517E-01  0.8984310829E+00
0.3385562028E+01  0.1031615106E+01  0.1877965855E+00  -.6449689465E-01  0.8945336384E+00
0.3456181273E+01  0.1031615106E+01  0.1832893719E+00  -.6315067273E-01  0.8896294262E+00
0.3526800517E+01  0.1031615106E+01  0.1788773403E+00  -.6180187652E-01  0.8837885810E+00
0.3600432023E+01  0.1031615106E+01  0.1743785284E+00  -.6039662410E-01  0.8767756806E+00
0.3674063529E+01  0.1031615106E+01  0.1699830368E+00  -.5899603582E-01  0.8688959798E+00
0.3748296123E+01  0.1031615106E+01  0.1656557789E+00  -.5759202366E-01  0.8601499037E+00
0.3822528718E+01  0.1031615106E+01  0.1614323539E+00  -.5619900123E-01  0.8506718820E+00
0.3896761312E+01  0.1031615106E+01  0.1573118467E+00  -.5481958329E-01  0.8405326709E+00
0.3970993907E+01  0.1031615106E+01  0.1532931603E+00  -.5345606746E-01  0.8298000196E+00
0.4045226501E+01  0.1031615106E+01  0.1493750382E+00  -.5211045787E-01  0.8185385316E+00
0.4119459096E+01  0.1031615106E+01  0.1455560852E+00  -.5078448798E-01  0.8068095722E+00
0.4194426588E+01  0.1031615106E+01  0.1417984289E+00  -.4946683465E-01  0.7945491904E+00
0.4269394080E+01  0.1031615106E+01  0.1381387052E+00  -.4817201932E-01  0.7819276676E+00
0.4358041129E+01  0.1031615106E+01  0.1339351427E+00  -.4667186666E-01  0.7666093774E+00
0.4446688177E+01  0.1031615106E+01  0.1298630283E+00  -.4520657507E-01  0.7509416065E+00
0.4535335225E+01  0.1031615106E+01  0.1259192212E+00  -.4377723347E-01  0.7349994833E+00
0.4623982274E+01  0.1031615106E+01  0.1221004975E+00  -.4238462859E-01  0.7188519315E+00
0.4712629322E+01  0.1031615106E+01  0.1184035756E+00  -.4102928103E-01  0.7025619200E+00
0.4801276370E+01  0.1031615106E+01  0.1148251385E+00  -.3971147825E-01  0.6861867402E+00
0.4891138898E+01  0.1031615106E+01  0.1113151509E+00  -.3841401279E-01  0.6695533107E+00
0.4981001426E+01  0.1031615106E+01  0.1079200224E+00  -.3715511842E-01  0.6529344440E+00
0.5096069556E+01  0.1031615106E+01  0.1037347805E+00  -.3559900795E-01  0.6317446828E+00
0.5211137686E+01  0.1031615106E+01  0.9972502315E-01  -.3410485250E-01  0.6107307596E+00
0.5326205816E+01  0.1031615106E+01  0.9588368488E-01  -.3267150055E-01  0.5899618534E+00
0.5441273946E+01  0.1031615106E+01  0.9220384693E-01  -.3129756706E-01  0.5694967333E+00
0.5556342075E+01  0.1031615106E+01  0.8867876070E-01  -.2998148613E-01  0.5493847929E+00
0.5671410205E+01  0.1031615106E+01  0.8530186601E-01  -.2872155592E-01  0.5296670256E+00
0.5843611520E+01  0.1031615106E+01  0.8051132941E-01  -.2693700452E-01  0.5009665191E+00
0.6015812835E+01  0.1031615106E+01  0.7601806502E-01  -.2526787946E-01  0.4733075382E+00
0.6190356396E+01  0.1031615106E+01  0.7174724312E-01  -.2368725754E-01  0.4463940900E+00
0.6364899957E+01  0.1031615106E+01  0.6774302224E-01  -.2221193503E-01  0.4206457313E+00
0.6572125778E+01  0.1031615106E+01  0.6331070308E-01  -.2058803234E-01  0.3916105656E+00
0.6779351599E+01  0.1031615106E+01  0.5920140080E-01  -.1909266823E-01  0.3642395790E+00
0.6983141695E+01  0.1031615106E+01  0.5545044069E-01  -.1773764251E-01  0.3389220569E+00
0.7186931792E+01  0.1031615106E+01  0.5196472640E-01  -.1648807785E-01  0.3151511633E+00
0.7371048546E+01  0.1031615106E+01  0.4902639431E-01  -.1544275502E-01  0.2949623924E+00
0.7555165300E+01  0.1031615106E+01  0.4627368770E-01  -.1447074936E-01  0.2759505585E+00
0.7740402477E+01  0.1031615106E+01  0.4367841735E-01  -.1356131279E-01  0.2579627809E+00
0.7925639653E+01  0.1031615106E+01  0.4124564601E-01  -.1271542538E-01  0.2410676530E+00
0.8113415694E+01  0.1031615106E+01  0.3893377911E-01  -.1191790749E-01  0.2250029612E+00
0.8301191735E+01  0.1031615106E+01  0.3676635983E-01  -.1117617869E-01  0.2099533220E+00
0.8493662810E+01  0.1031615106E+01  0.3468412366E-01  -.1046935793E-01  0.1955242790E+00
0.8686133886E+01  0.1031615106E+01  0.3273305973E-01  -.9812472127E-02  0.1820477369E+00
0.8885210237E+01  0.1031615106E+01  0.3084322241E-01  -.9181457899E-02  0.1690515957E+00
0.9084286588E+01  0.1031615106E+01  0.2907442915E-01  -.8595788630E-02  0.1569554519E+00
0.9292978820E+01  0.1031615106E+01  0.2734071234E-01  -.8026589434E-02  0.1451790715E+00
0.9501671052E+01  0.1031615106E+01  0.2572132837E-01  -.7499478491E-02  0.1342663680E+00
0.9715960134E+01  0.1031615106E+01  0.2416865534E-01  -.6998404740E-02  0.1238973688E+00
0.9930249216E+01  0.1031615106E+01  0.2271929888E-01  -.6534665115E-02  0.1143156476E+00
0.1016193407E+02  0.1031615106E+01  0.2125968266E-01  -.6071714036E-02  0.1047759836E+00
0.1039361893E+02  0.1031615106E+01  0.1990303373E-01  -.5645247727E-02  0.9602256231E-01
0.1063460143E+02  0.1031615106E+01  0.1859251474E-01  -.5236938979E-02  0.8768473087E-01
0.1087558393E+02  0.1031615106E+01  0.1737638164E-01  -.4861391864E-02  0.8006442045E-01
0.1112831161E+02  0.1031615106E+01  0.1619415556E-01  -.4499545358E-02  0.7277777729E-01
0.1138103929E+02  0.1031615106E+01  0.1509955441E-01  -.4167479196E-02  0.6615008492E-01
0.1165294793E+02  0.1031615106E+01  0.1401152902E-01  -.3840351789E-02  0.5968826630E-01
0.1192485656E+02  0.1031615106E+01  0.1300854248E-01  -.3541505171E-02  0.5385491234E-01
0.1221000474E+02  0.1031615106E+01  0.1204009519E-01  -.3255528712E-02  0.4834675978E-01
0.1249515292E+02  0.1031615106E+01  0.1114951969E-01  -.2994882185E-02  0.4340033518E-01
0.1279475223E+02  0.1031615106E+01  0.1029019422E-01  -.2745597155E-02  0.3874619666E-01
0.1309435155E+02  0.1031615106E+01  0.9502099435E-02  -.2518974091E-02  0.3459023781E-01
0.1341028750E+02  0.1031615106E+01  0.8741098191E-02  -.2302039315E-02  0.3068890416E-01
0.1372622345E+02  0.1031615106E+01  0.8045367295E-02  -.2105416852E-02  0.2722711329E-01
0.1406037440E+02  0.1031615106E+01  0.7373814810E-02  -.1917245974E-02  0.2398937109E-01
0.1439452535E+02  0.1031615106E+01  0.6762041929E-02  -.1747275234E-02  0.2113643307E-01
0.1474874269E+02  0.1031615106E+01  0.6172406283E-02  -.1584827290E-02  0.1848158881E-01
0.1510296002E+02  0.1031615106E+01  0.5637375519E-02  -.1438647081E-02  0.1616013826E-01
0.1547906253E+02  0.1031615106E+01  0.5122989789E-02  -.1299261999E-02  0.1401355760E-01
0.1585516504E+02  0.1031615106E+01  0.4658250126E-02  -.1174354058E-02  0.1215211817E-01
0.1625494120E+02  0.1031615106E+01  0.4212955672E-02  -.1055634479E-02  0.1044385130E-01
0.1665471737E+02  0.1031615106E+01  0.3812509607E-02  -.9497207667E-03  0.8975760870E-02
0.1707993206E+02  0.1031615106E+01  0.3430416374E-02  -.8494541950E-03  0.7640085570E-02
0.1750514674E+02  0.1031615106E+01  0.3088516248E-02  -.7604303790E-03  0.6503218386E-02
0.1795755029E+02  0.1031615106E+01  0.2763864267E-02  -.6765434431E-03  0.5478835594E-02
0.1840995384E+02  0.1031615106E+01  0.2474900419E-02  -.6024408175E-03  0.4615856554E-02
0.1889635140E+02  0.1031615106E+01  0.2199307740E-02  -.5322940229E-03  0.3839085967E-02
0.1938274895E+02  0.1031615106E+01  0.1955694451E-02  -.4707447752E-03  0.3193068481E-02
0.1990235091E+02  0.1031615106E+01  0.1726379942E-02  -.4132291170E-03  0.2622595493E-02
0.2042195287E+02  0.1031615106E+01  0.1524990354E-02  -.3630792635E-03  0.2154069548E-02
0.2098051086E+02  0.1031615106E+01  0.1335585419E-02  -.3162468142E-03  0.1743354947E-02
0.2153906885E+02  0.1031615106E+01  0.1170532904E-02  -.2757202925E-03  0.1410969398E-02
0.2213872630E+02  0.1031615106E+01  0.1016727526E-02  -.2382142942E-03  0.1124334602E-02
0.2273838374E+02  0.1031615106E+01  0.8837795009E-03  -.2060134996E-03  0.8959410037E-03
0.2338868617E+02  0.1031615106E+01  0.7597730650E-03  -.1761786610E-03  0.7003911864E-03
0.2403898861E+02  0.1031615106E+01  0.6536714213E-03  -.1508198756E-03  0.5475300424E-03
0.2474320410E+02  0.1031615106E+01  0.5558751489E-03  -.1275977847E-03  0.4193883130E-03
0.2544741960E+02  0.1031615106E+01  0.4730933087E-03  -.1080667869E-03  0.3212408464E-03
0.2621299836E+02  0.1031615106E+01  0.3973661417E-03  -.9031280407E-04  0.2404154249E-03
0.2697857712E+02  0.1031615106E+01  0.3340453527E-03  -.7555979460E-04  0.1799285045E-03
0.2781857858E+02  0.1031615106E+01  0.2763716267E-03  -.6220493460E-04  0.1309208462E-03
0.2865858003E+02  0.1031615106E+01  0.2288640536E-03  -.5127095320E-04  0.9526289133E-04
0.2957968165E+02  0.1031615106E+01  0.1862864074E-03  -.4153015678E-04  0.6722229462E-04
0.3050078328E+02  0.1031615106E+01  0.1517770304E-03  -.3368178768E-04  0.4743610294E-04
0.3152302378E+02  0.1031615106E+01  0.1210386774E-03  -.2673176481E-04  0.3221711346E-04
0.3254526428E+02  0.1031615106E+01  0.9662716044E-04  -.2124412844E-04  0.2188116327E-04
0.3368558150E+02  0.1031615106E+01  0.7524529158E-04  -.1646491668E-04  0.1421194622E-04
0.3482589872E+02  0.1031615106E+01  0.5866207181E-04  -.1277921277E-04  0.9230876114E-05
0.3611420614E+02  0.1031615106E+01  0.4433659622E-04  -.9613071025E-05  0.5669135914E-05
0.3740251357E+02  0.1031615106E+01  0.3355214741E-04  -.7242783643E-05  0.3481746824E-05
0.3887308115E+02  0.1031615106E+01  0.2444456437E-04  -.5252037938E-05  0.1995868463E-05
0.4034364874E+02  0.1031615106E+01  0.1783471813E-04  -.3815155624E-05  0.1144124344E-05
0.4205317455E+02  0.1031615106E+01  0.1238298039E-04  -.2636456829E-05  0.5991751525E-06
0.4376270035E+02  0.1031615106E+01  0.8611968042E-05  -.1825571884E-05  0.3137915992E-06
0.4579257010E+02  0.1031615106E+01  0.5606367541E-05  -.1182763504E-05  0.1455784899E-06
0.4782243984E+02  0.1031615106E+01  0.3656915556E-05  -.7681019980E-06  0.6753993272E-07
0.5030892036E+02  0.1031615106E+01  0.2172033625E-05  -.4539711222E-06  0.2636362962E-07
0.5279540087E+02  0.1031615106E+01  0.1293243793E-05  -.2690867364E-06  0.1029101691E-07
0.5598430391E+02  0.1031615106E+01  0.6672360500E-06  -.1381125555E-06  0.3079702372E-08
0.5917320694E+02  0.1031615106E+01  0.3453747363E-06  -.7115710814E-07  0.9216589046E-09
0.6358533582E+02  0.1031615106E+01  0.1395263606E-06  -.2858251216E-07  0.1736482189E-09
0.6799746470E+02  0.1031615106E+01  0.5664075997E-07  -.1154461168E-07  0.3271932960E-10
0.7509860482E+02  0.1031615106E+01  0.1339042191E-07  -.2709579456E-08  0.2229952093E-11
0.8219974494E+02  0.1031615106E+01  0.3203327971E-08  -.6408073811E-09  0.1528284103E-12
