0.0000000000E+00  0.1048856004E+01  0.2400000000E+00  0.0000000000E+00  0.0000000000E+00  0.1202812805E+00
0.1473050352E-01  0.1048856004E+01  0.2399980858E+00  -.2598962437E-03  0.2609918247E-04  0.1202795291E+00
0.2946100704E-01  0.1048856004E+01  0.2399923433E+00  -.5197707809E-03  0.1043921697E-03  0.1202742752E+00
0.4419151056E-01  0.1048856004E+01  0.2399827730E+00  -.7796019096E-03  0.2348652822E-03  0.1202655192E+00
0.5892201408E-01  0.1048856004E+01  0.2399693758E+00  -.1039367937E-02  0.4174957255E-03  0.1202532621E+00
0.7365251759E-01  0.1048856004E+01  0.2399521526E+00  -.1299047182E-02  0.6522515962E-03  0.1202375055E+00
0.8838302111E-01  0.1048856004E+01  0.2399311051E+00  -.1558617985E-02  0.9390918908E-03  0.1202182510E+00
0.1031135246E+00  0.1048856004E+01  0.2399062348E+00  -.1818058703E-02  0.1277966518E-02  0.1201955008E+00
0.1178440282E+00  0.1048856004E+01  0.2398775440E+00  -.2077347725E-02  0.1668816312E-02  0.1201692575E+00
0.1325745317E+00  0.1048856004E+01  0.2398450349E+00  -.2336463468E-02  0.2111573050E-02  0.1201395241E+00
0.1473050352E+00  0.1048856004E+01  0.2398087104E+00  -.2595384384E-02  0.2606159471E-02  0.1201063039E+00
0.1620355387E+00  0.1048856004E+01  0.2397685733E+00  -.2854088967E-02  0.3152489296E-02  0.1200696006E+00
0.1767660422E+00  0.1048856004E+01  0.2397246272E+00  -.3112555754E-02  0.3750467257E-02  0.1200294184E+00
0.1914965457E+00  0.1048856004E+01  0.2396768756E+00  -.3370763329E-02  0.4399989119E-02  0.1199857619E+00
0.2062270493E+00  0.1048856004E+01  0.2396253225E+00  -.3628690331E-02  0.5100941710E-02  0.1199386359E+00
0.2209575528E+00  0.1048856004E+01  0.2395699722E+00  -.3886315455E-02  0.5853202957E-02  0.1198880457E+00
0.2356880563E+00  0.1048856004E+01  0.2395108293E+00  -.4143617458E-02  0.6656641915E-02  0.1198339971E+00
0.2504185598E+00  0.1048856004E+01  0.2394478987E+00  -.4400575163E-02  0.7511118806E-02  0.1197764961E+00
0.2651490633E+00  0.1048856004E+01  0.2393811857E+00  -.4657167460E-02  0.8416485060E-02  0.1197155492E+00
0.2798795669E+00  0.1048856004E+01  0.2393106958E+00  -.4913373318E-02  0.9372583354E-02  0.1196511633E+00
0.2946100704E+00  0.1048856004E+01  0.2392364348E+00  -.5169171779E-02  0.1037924766E-01  0.1195833455E+00
0.3093405739E+00  0.1048856004E+01  0.2391584089E+00  -.5424541973E-02  0.1143630328E-01  0.1195121035E+00
0.3240710774E+00  0.1048856004E+01  0.2390766245E+00  -.5679463111E-02  0.1254356692E-01  0.1194374452E+00
0.3388015809E+00  0.1048856004E+01  0.2389910885E+00  -.5933914500E-02  0.1370084671E-01  0.1193593791E+00
0.3535320845E+00  0.1048856004E+01  0.2389018078E+00  -.6187875537E-02  0.1490794228E-01  0.1192779138E+00
0.3682625880E+00  0.1048856004E+01  0.2388087900E+00  -.6441325722E-02  0.1616464480E-01  0.1191930586E+00
0.3829930915E+00  0.1048856004E+01  0.2387120425E+00  -.6694244655E-02  0.1747073706E-01  0.1191048228E+00
0.3977235950E+00  0.1048856004E+01  0.2386115735E+00  -.6946612043E-02  0.1882599351E-01  0.1190132163E+00
0.4124540985E+00  0.1048856004E+01  0.2385073911E+00  -.7198407706E-02  0.2023018033E-01  0.1189182493E+00
0.4271846020E+00  0.1048856004E+01  0.2383995040E+00  -.7449611575E-02  0.2168305550E-01  0.1188199325E+00
0.4419151056E+00  0.1048856004E+01  0.2382879211E+00  -.7700203703E-02  0.2318436886E-01  0.1187182767E+00
0.4566456091E+00  0.1048856004E+01  0.2381726514E+00  -.7950164262E-02  0.2473386217E-01  0.1186132933E+00
0.4713761126E+00  0.1048856004E+01  0.2380537044E+00  -.8199473552E-02  0.2633126922E-01  0.1185049940E+00
0.4861066161E+00  0.1048856004E+01  0.2379310899E+00  -.8448112002E-02  0.2797631585E-01  0.1183933906E+00
0.5008371196E+00  0.1048856004E+01  0.2378048179E+00  -.8696060175E-02  0.2966872007E-01  0.1182784957E+00
0.5155676232E+00  0.1048856004E+01  0.2376748987E+00  -.8943298770E-02  0.3140819212E-01  0.1181603220E+00
0.5302981267E+00  0.1048856004E+01  0.2375413429E+00  -.9189808627E-02  0.3319443453E-01  0.1180388824E+00
0.5450286302E+00  0.1048856004E+01  0.2374041614E+00  -.9435570729E-02  0.3502714225E-01  0.1179141905E+00
0.5597591337E+00  0.1048856004E+01  0.2372633653E+00  -.9680566208E-02  0.3690600270E-01  0.1177862599E+00
0.5744896372E+00  0.1048856004E+01  0.2371189660E+00  -.9924776346E-02  0.3883069584E-01  0.1176551047E+00
0.5892201408E+00  0.1048856004E+01  0.2369709753E+00  -.1016818258E-01  0.4080089430E-01  0.1175207394E+00
0.6039506443E+00  0.1048856004E+01  0.2368194051E+00  -.1041076650E-01  0.4281626344E-01  0.1173831788E+00
0.6186811478E+00  0.1048856004E+01  0.2366642678E+00  -.1065250987E-01  0.4487646146E-01  0.1172424378E+00
0.6334116513E+00  0.1048856004E+01  0.2365055757E+00  -.1089339460E-01  0.4698113947E-01  0.1170985319E+00
0.6481421548E+00  0.1048856004E+01  0.2363433417E+00  -.1113340277E-01  0.4912994161E-01  0.1169514769E+00
0.6628726583E+00  0.1048856004E+01  0.2361775788E+00  -.1137251665E-01  0.5132250512E-01  0.1168012888E+00
0.6776031619E+00  0.1048856004E+01  0.2360083004E+00  -.1161071867E-01  0.5355846047E-01  0.1166479839E+00
0.6923336654E+00  0.1048856004E+01  0.2358355199E+00  -.1184799142E-01  0.5583743142E-01  0.1164915790E+00
0.7070641689E+00  0.1048856004E+01  0.2356592513E+00  -.1208431769E-01  0.5815903516E-01  0.1163320909E+00
0.7218182156E+00  0.1048856004E+01  0.2354792184E+00  -.1232005585E-01  0.6052669403E-01  0.1161692748E+00
0.7365722623E+00  0.1048856004E+01  0.2352957148E+00  -.1255481048E-01  0.6293633395E-01  0.1160034007E+00
0.7513478891E+00  0.1048856004E+01  0.2351084789E+00  -.1278890600E-01  0.6539116657E-01  0.1158342374E+00
0.7661235159E+00  0.1048856004E+01  0.2349177916E+00  -.1302198171E-01  0.6788728614E-01  0.1156620436E+00
0.7808991428E+00  0.1048856004E+01  0.2347236681E+00  -.1325402118E-01  0.7042427463E-01  0.1154868379E+00
0.7956747696E+00  0.1048856004E+01  0.2345261238E+00  -.1348500817E-01  0.7300170797E-01  0.1153086392E+00
0.8104503964E+00  0.1048856004E+01  0.2343251744E+00  -.1371492665E-01  0.7561915619E-01  0.1151274668E+00
0.8252260233E+00  0.1048856004E+01  0.2341208359E+00  -.1394376080E-01  0.7827618354E-01  0.1149433401E+00
0.8400016501E+00  0.1048856004E+01  0.2339131242E+00  -.1417149500E-01  0.8097234858E-01  0.1147562790E+00
0.8547772769E+00  0.1048856004E+01  0.2337020559E+00  -.1439811382E-01  0.8370720432E-01  0.1145663034E+00
0.8695529038E+00  0.1048856004E+01  0.2334876475E+00  -.1462360206E-01  0.8648029831E-01  0.1143734337E+00
0.8843285306E+00  0.1048856004E+01  0.2332699158E+00  -.1484794472E-01  0.8929117278E-01  0.1141776904E+00
0.8991041575E+00  0.1048856004E+01  0.2330488778E+00  -.1507112703E-01  0.9213936479E-01  0.1139790944E+00
0.9138797843E+00  0.1048856004E+01  0.2328245509E+00  -.1529313441E-01  0.9502440627E-01  0.1137776668E+00
0.9286554111E+00  0.1048856004E+01  0.2325969524E+00  -.1551395251E-01  0.9794582422E-01  0.1135734289E+00
0.9434310380E+00  0.1048856004E+01  0.2323661001E+00  -.1573356721E-01  0.1009031408E+00  0.1133664023E+00
0.9582066648E+00  0.1048856004E+01  0.2321320118E+00  -.1595196459E-01  0.1038958734E+00  0.1131566089E+00
0.9729822916E+00  0.1048856004E+01  0.2318947056E+00  -.1616913098E-01  0.1069235350E+00  0.1129440706E+00
0.9877579185E+00  0.1048856004E+01  0.2316541998E+00  -.1638505290E-01  0.1099856338E+00  0.1127288099E+00
0.1002533545E+01  0.1048856004E+01  0.2314105129E+00  -.1659971712E-01  0.1130816740E+00  0.1125108491E+00
0.1017309172E+01  0.1048856004E+01  0.2311636636E+00  -.1681311063E-01  0.1162111553E+00  0.1122902112E+00
0.1032084799E+01  0.1048856004E+01  0.2309136707E+00  -.1702522065E-01  0.1193735736E+00  0.1120669189E+00
0.1046860426E+01  0.1048856004E+01  0.2306605534E+00  -.1723603464E-01  0.1225684206E+00  0.1118409957E+00
0.1061636053E+01  0.1048856004E+01  0.2304043307E+00  -.1744554028E-01  0.1257951843E+00  0.1116124647E+00
0.1076411679E+01  0.1048856004E+01  0.2301450223E+00  -.1765372547E-01  0.1290533489E+00  0.1113813497E+00
0.1091187306E+01  0.1048856004E+01  0.2298826476E+00  -.1786057837E-01  0.1323423952E+00  0.1111476744E+00
0.1105962933E+01  0.1048856004E+01  0.2296172264E+00  -.1806608736E-01  0.1356618004E+00  0.1109114628E+00
0.1120738560E+01  0.1048856004E+01  0.2293487787E+00  -.1827024107E-01  0.1390110385E+00  0.1106727392E+00
0.1135514187E+01  0.1048856004E+01  0.2290773246E+00  -.1847302834E-01  0.1423895802E+00  0.1104315278E+00
0.1150289814E+01  0.1048856004E+01  0.2288028844E+00  -.1867443827E-01  0.1457968932E+00  0.1101878532E+00
0.1165065440E+01  0.1048856004E+01  0.2285254784E+00  -.1887446021E-01  0.1492324424E+00  0.1099417402E+00
0.1179841067E+01  0.1048856004E+01  0.2282451273E+00  -.1907308371E-01  0.1526956897E+00  0.1096932137E+00
0.1194616694E+01  0.1048856004E+01  0.2279618518E+00  -.1927029859E-01  0.1561860945E+00  0.1094422987E+00
0.1209392321E+01  0.1048856004E+01  0.2276756728E+00  -.1946609490E-01  0.1597031136E+00  0.1091890204E+00
0.1224167948E+01  0.1048856004E+01  0.2273866113E+00  -.1966046294E-01  0.1632462015E+00  0.1089334043E+00
0.1238943575E+01  0.1048856004E+01  0.2270946886E+00  -.1985339324E-01  0.1668148103E+00  0.1086754759E+00
0.1253719201E+01  0.1048856004E+01  0.2267999258E+00  -.2004487658E-01  0.1704083901E+00  0.1084152607E+00
0.1268494828E+01  0.1048856004E+01  0.2265023445E+00  -.2023490397E-01  0.1740263888E+00  0.1081527848E+00
0.1283270455E+01  0.1048856004E+01  0.2262019662E+00  -.2042346669E-01  0.1776682527E+00  0.1078880740E+00
0.1298046082E+01  0.1048856004E+01  0.2258988127E+00  -.2061055622E-01  0.1813334262E+00  0.1076211543E+00
0.1312821709E+01  0.1048856004E+01  0.2255929058E+00  -.2079616433E-01  0.1850213520E+00  0.1073520522E+00
0.1327597336E+01  0.1048856004E+01  0.2252842673E+00  -.2098028299E-01  0.1887314715E+00  0.1070807937E+00
0.1342372962E+01  0.1048856004E+01  0.2249729195E+00  -.2116290444E-01  0.1924632247E+00  0.1068074055E+00
0.1357148589E+01  0.1048856004E+01  0.2246588844E+00  -.2134402116E-01  0.1962160503E+00  0.1065319141E+00
0.1371924216E+01  0.1048856004E+01  0.2243421843E+00  -.2152362585E-01  0.1999893860E+00  0.1062543461E+00
0.1386699843E+01  0.1048856004E+01  0.2240228417E+00  -.2170171149E-01  0.2037826684E+00  0.1059747283E+00
0.1401475470E+01  0.1048856004E+01  0.2237008791E+00  -.2187827126E-01  0.2075953334E+00  0.1056930877E+00
0.1416251097E+01  0.1048856004E+01  0.2233763189E+00  -.2205329861E-01  0.2114268161E+00  0.1054094510E+00
0.1430925171E+01  0.1048856004E+01  0.2230514411E+00  -.2222560011E-01  0.2152500310E+00  0.1051258151E+00
0.1445599245E+01  0.1048856004E+01  0.2227240462E+00  -.2239637799E-01  0.2190906937E+00  0.1048402638E+00
0.1459516129E+01  0.1048856004E+01  0.2224112396E+00  -.2255693074E-01  0.2227487932E+00  0.1045677017E+00
0.1473433013E+01  0.1048856004E+01  0.2220962082E+00  -.2271610322E-01  0.2264216143E+00  0.1042934635E+00
0.1487349897E+01  0.1048856004E+01  0.2217789713E+00  -.2287389094E-01  0.2301086835E+00  0.1040175721E+00
0.1501266781E+01  0.1048856004E+01  0.2214595481E+00  -.2303028959E-01  0.2338095275E+00  0.1037400504E+00
0.1515183665E+01  0.1048856004E+01  0.2211379580E+00  -.2318529505E-01  0.2375236730E+00  0.1034609213E+00
0.1529100548E+01  0.1048856004E+01  0.2208142204E+00  -.2333890337E-01  0.2412506468E+00  0.1031802078E+00
0.1543017432E+01  0.1048856004E+01  0.2204883549E+00  -.2349111081E-01  0.2449899763E+00  0.1028979330E+00
0.1556934316E+01  0.1048856004E+01  0.2201603808E+00  -.2364191380E-01  0.2487411891E+00  0.1026141197E+00
0.1570851200E+01  0.1048856004E+01  0.2198303179E+00  -.2379130895E-01  0.2525038130E+00  0.1023287913E+00
0.1584768084E+01  0.1048856004E+01  0.2194981856E+00  -.2393929307E-01  0.2562773768E+00  0.1020419707E+00
0.1598684968E+01  0.1048856004E+01  0.2191640037E+00  -.2408586314E-01  0.2600614097E+00  0.1017536811E+00
0.1612601852E+01  0.1048856004E+01  0.2188277918E+00  -.2423101633E-01  0.2638554416E+00  0.1014639456E+00
0.1626518736E+01  0.1048856004E+01  0.2184895698E+00  -.2437474997E-01  0.2676590032E+00  0.1011727874E+00
0.1640435620E+01  0.1048856004E+01  0.2181493573E+00  -.2451706159E-01  0.2714716262E+00  0.1008802298E+00
0.1654352504E+01  0.1048856004E+01  0.2178071742E+00  -.2465794891E-01  0.2752928432E+00  0.1005862958E+00
0.1668269388E+01  0.1048856004E+01  0.2174630403E+00  -.2479740979E-01  0.2791221879E+00  0.1002910087E+00
0.1682186272E+01  0.1048856004E+01  0.2171169755E+00  -.2493544231E-01  0.2829591951E+00  0.9999439163E-01
0.1696103156E+01  0.1048856004E+01  0.2167689996E+00  -.2507204469E-01  0.2868034008E+00  0.9969646790E-01
0.1710020040E+01  0.1048856004E+01  0.2164191326E+00  -.2520721534E-01  0.2906543423E+00  0.9939726065E-01
0.1723936924E+01  0.1048856004E+01  0.2160673945E+00  -.2534095285E-01  0.2945115583E+00  0.9909679308E-01
0.1737853808E+01  0.1048856004E+01  0.2157138051E+00  -.2547325598E-01  0.2983745889E+00  0.9879508838E-01
0.1751770692E+01  0.1048856004E+01  0.2153583845E+00  -.2560412365E-01  0.3022429760E+00  0.9849216969E-01
0.1765687576E+01  0.1048856004E+01  0.2150011525E+00  -.2573355496E-01  0.3061162626E+00  0.9818806018E-01
0.1779604460E+01  0.1048856004E+01  0.2146421293E+00  -.2586154918E-01  0.3099939939E+00  0.9788278298E-01
0.1793521344E+01  0.1048856004E+01  0.2142813348E+00  -.2598810574E-01  0.3138757165E+00  0.9757636119E-01
0.1807438228E+01  0.1048856004E+01  0.2139187891E+00  -.2611322425E-01  0.3177609790E+00  0.9726881788E-01
0.1821355112E+01  0.1048856004E+01  0.2135545121E+00  -.2623690446E-01  0.3216493318E+00  0.9696017612E-01
0.1835271996E+01  0.1048856004E+01  0.2131885239E+00  -.2635914631E-01  0.3255403274E+00  0.9665045891E-01
0.1849188880E+01  0.1048856004E+01  0.2128208444E+00  -.2647994990E-01  0.3294335204E+00  0.9633968924E-01
0.1863105763E+01  0.1048856004E+01  0.2124514937E+00  -.2659931548E-01  0.3333284671E+00  0.9602789005E-01
0.1877022647E+01  0.1048856004E+01  0.2120804919E+00  -.2671724345E-01  0.3372247266E+00  0.9571508423E-01
0.1890939531E+01  0.1048856004E+01  0.2117078589E+00  -.2683373439E-01  0.3411218597E+00  0.9540129463E-01
0.1904856415E+01  0.1048856004E+01  0.2113336146E+00  -.2694878904E-01  0.3450194298E+00  0.9508654407E-01
0.1918773299E+01  0.1048856004E+01  0.2109577792E+00  -.2706240827E-01  0.3489170026E+00  0.9477085530E-01
0.1932690183E+01  0.1048856004E+01  0.2105803725E+00  -.2717459312E-01  0.3528141463E+00  0.9445425101E-01
0.1946607067E+01  0.1048856004E+01  0.2102014145E+00  -.2728534478E-01  0.3567104315E+00  0.9413675385E-01
0.1960523951E+01  0.1048856004E+01  0.2098209252E+00  -.2739466459E-01  0.3606054315E+00  0.9381838640E-01
0.1974440835E+01  0.1048856004E+01  0.2094389244E+00  -.2750255404E-01  0.3644987221E+00  0.9349917117E-01
0.1988357719E+01  0.1048856004E+01  0.2090554321E+00  -.2760901478E-01  0.3683898818E+00  0.9317913063E-01
0.2002274603E+01  0.1048856004E+01  0.2086704681E+00  -.2771404857E-01  0.3722784920E+00  0.9285828715E-01
0.2016191487E+01  0.1048856004E+01  0.2082840523E+00  -.2781765735E-01  0.3761641368E+00  0.9253666306E-01
0.2030108371E+01  0.1048856004E+01  0.2078962045E+00  -.2791984320E-01  0.3800464030E+00  0.9221428058E-01
0.2044025255E+01  0.1048856004E+01  0.2075069445E+00  -.2802060832E-01  0.3839248805E+00  0.9189116189E-01
0.2057942139E+01  0.1048856004E+01  0.2071162920E+00  -.2811995506E-01  0.3877991621E+00  0.9156732907E-01
0.2071859023E+01  0.1048856004E+01  0.2067242667E+00  -.2821788591E-01  0.3916688437E+00  0.9124280413E-01
0.2085775907E+01  0.1048856004E+01  0.2063308884E+00  -.2831440350E-01  0.3955335242E+00  0.9091760897E-01
0.2099692791E+01  0.1048856004E+01  0.2059361767E+00  -.2840951058E-01  0.3993928055E+00  0.9059176543E-01
0.2113609675E+01  0.1048856004E+01  0.2055401512E+00  -.2850321006E-01  0.4032462929E+00  0.9026529527E-01
0.2127526559E+01  0.1048856004E+01  0.2051428315E+00  -.2859550495E-01  0.4070935947E+00  0.8993822012E-01
0.2141443443E+01  0.1048856004E+01  0.2047442371E+00  -.2868639841E-01  0.4109343226E+00  0.8961056155E-01
0.2155673960E+01  0.1048856004E+01  0.2043353620E+00  -.2877789451E-01  0.4148544069E+00  0.8927493786E-01
0.2169904478E+01  0.1048856004E+01  0.2039251953E+00  -.2886793237E-01  0.4187668070E+00  0.8893874944E-01
0.2185322410E+01  0.1048856004E+01  0.2034793700E+00  -.2896384167E-01  0.4229965218E+00  0.8857389795E-01
0.2200740342E+01  0.1048856004E+01  0.2030320790E+00  -.2905804865E-01  0.4272162326E+00  0.8820843898E-01
0.2216158275E+01  0.1048856004E+01  0.2025833486E+00  -.2915055846E-01  0.4314254354E+00  0.8784240112E-01
0.2231576207E+01  0.1048856004E+01  0.2021332050E+00  -.2924137645E-01  0.4356236317E+00  0.8747581282E-01
0.2246994139E+01  0.1048856004E+01  0.2016816742E+00  -.2933050813E-01  0.4398103278E+00  0.8710870233E-01
0.2262412072E+01  0.1048856004E+01  0.2012287821E+00  -.2941795920E-01  0.4439850360E+00  0.8674109777E-01
0.2277830004E+01  0.1048856004E+01  0.2007745546E+00  -.2950373550E-01  0.4481472738E+00  0.8637302705E-01
0.2293247936E+01  0.1048856004E+01  0.2003190175E+00  -.2958784307E-01  0.4522965641E+00  0.8600451794E-01
0.2308665869E+01  0.1048856004E+01  0.1998621964E+00  -.2967028808E-01  0.4564324358E+00  0.8563559799E-01
0.2324083801E+01  0.1048856004E+01  0.1994041170E+00  -.2975107690E-01  0.4605544231E+00  0.8526629460E-01
0.2339501733E+01  0.1048856004E+01  0.1989448047E+00  -.2983021601E-01  0.4646620661E+00  0.8489663497E-01
0.2354919666E+01  0.1048856004E+01  0.1984842849E+00  -.2990771208E-01  0.4687549103E+00  0.8452664613E-01
0.2370337598E+01  0.1048856004E+01  0.1980225829E+00  -.2998357192E-01  0.4728325075E+00  0.8415635488E-01
0.2385755530E+01  0.1048856004E+01  0.1975597239E+00  -.3005780248E-01  0.4768944149E+00  0.8378578787E-01
0.2401173463E+01  0.1048856004E+01  0.1970957329E+00  -.3013041087E-01  0.4809401957E+00  0.8341497153E-01
0.2416591395E+01  0.1048856004E+01  0.1966306350E+00  -.3020140432E-01  0.4849694191E+00  0.8304393209E-01
0.2432009327E+01  0.1048856004E+01  0.1961644548E+00  -.3027079022E-01  0.4889816601E+00  0.8267269559E-01
0.2447427259E+01  0.1048856004E+01  0.1956972172E+00  -.3033857608E-01  0.4929764998E+00  0.8230128786E-01
0.2462845192E+01  0.1048856004E+01  0.1952289468E+00  -.3040476956E-01  0.4969535252E+00  0.8192973451E-01
0.2478263124E+01  0.1048856004E+01  0.1947596680E+00  -.3046937843E-01  0.5009123293E+00  0.8155806096E-01
0.2493681056E+01  0.1048856004E+01  0.1942894052E+00  -.3053241061E-01  0.5048525113E+00  0.8118629242E-01
0.2509098989E+01  0.1048856004E+01  0.1938181828E+00  -.3059387411E-01  0.5087736764E+00  0.8081445386E-01
0.2524516921E+01  0.1048856004E+01  0.1933460247E+00  -.3065377709E-01  0.5126754360E+00  0.8044257007E-01
0.2539934853E+01  0.1048856004E+01  0.1928729550E+00  -.3071212782E-01  0.5165574075E+00  0.8007066559E-01
0.2555352786E+01  0.1048856004E+01  0.1923989976E+00  -.3076893469E-01  0.5204192145E+00  0.7969876477E-01
0.2570770718E+01  0.1048856004E+01  0.1919241762E+00  -.3082420617E-01  0.5242604869E+00  0.7932689171E-01
0.2586188650E+01  0.1048856004E+01  0.1914485144E+00  -.3087795088E-01  0.5280808606E+00  0.7895507031E-01
0.2601606583E+01  0.1048856004E+01  0.1909720357E+00  -.3093017753E-01  0.5318799778E+00  0.7858332424E-01
0.2617024515E+01  0.1048856004E+01  0.1904947634E+00  -.3098089493E-01  0.5356574869E+00  0.7821167693E-01
0.2632442447E+01  0.1048856004E+01  0.1900167207E+00  -.3103011198E-01  0.5394130426E+00  0.7784015159E-01
0.2647860380E+01  0.1048856004E+01  0.1895379307E+00  -.3107783769E-01  0.5431463055E+00  0.7746877121E-01
0.2663278312E+01  0.1048856004E+01  0.1890584163E+00  -.3112408118E-01  0.5468569429E+00  0.7709755854E-01
0.2678696244E+01  0.1048856004E+01  0.1885782003E+00  -.3116885162E-01  0.5505446281E+00  0.7672653609E-01
0.2694114176E+01  0.1048856004E+01  0.1880973054E+00  -.3121215831E-01  0.5542090406E+00  0.7635572614E-01
0.2709532109E+01  0.1048856004E+01  0.1876157539E+00  -.3125401060E-01  0.5578498662E+00  0.7598515076E-01
0.2724950041E+01  0.1048856004E+01  0.1871335684E+00  -.3129441795E-01  0.5614667970E+00  0.7561483174E-01
0.2740367973E+01  0.1048856004E+01  0.1866507709E+00  -.3133338989E-01  0.5650595313E+00  0.7524479066E-01
0.2755785906E+01  0.1048856004E+01  0.1861673835E+00  -.3137093602E-01  0.5686277735E+00  0.7487504887E-01
0.2771203838E+01  0.1048856004E+01  0.1856834282E+00  -.3140706603E-01  0.5721712346E+00  0.7450562747E-01
0.2786621770E+01  0.1048856004E+01  0.1851989267E+00  -.3144178966E-01  0.5756896313E+00  0.7413654730E-01
0.2802039703E+01  0.1048856004E+01  0.1847139006E+00  -.3147511675E-01  0.5791826870E+00  0.7376782898E-01
0.2817457635E+01  0.1048856004E+01  0.1842283714E+00  -.3150705717E-01  0.5826501309E+00  0.7339949290E-01
0.2832875567E+01  0.1048856004E+01  0.1837423603E+00  -.3153762087E-01  0.5860916988E+00  0.7303155919E-01
0.2848293500E+01  0.1048856004E+01  0.1832558886E+00  -.3156681788E-01  0.5895071323E+00  0.7266404773E-01
0.2863711432E+01  0.1048856004E+01  0.1827689772E+00  -.3159465825E-01  0.5928961794E+00  0.7229697818E-01
0.2879129364E+01  0.1048856004E+01  0.1822816469E+00  -.3162115212E-01  0.5962585941E+00  0.7193036994E-01
0.2899178962E+01  0.1048856004E+01  0.1816473264E+00  -.3165360768E-01  0.6005908753E+00  0.7145435125E-01
0.2919228561E+01  0.1048856004E+01  0.1810123777E+00  -.3168382596E-01  0.6048772025E+00  0.7097918655E-01
0.2940280509E+01  0.1048856004E+01  0.1803450582E+00  -.3171317186E-01  0.6093278201E+00  0.7048123044E-01
0.2961332457E+01  0.1048856004E+01  0.1796771465E+00  -.3174010251E-01  0.6137266770E+00  0.6998430726E-01
0.2982384405E+01  0.1048856004E+01  0.1790086930E+00  -.3176464440E-01  0.6180732421E+00  0.6948846256E-01
0.3003436353E+01  0.1048856004E+01  0.1783397478E+00  -.3178682418E-01  0.6223670051E+00  0.6899374105E-01
0.3024488301E+01  0.1048856004E+01  0.1776703603E+00  -.3180666859E-01  0.6266074762E+00  0.6850018658E-01
0.3045540249E+01  0.1048856004E+01  0.1770005793E+00  -.3182420449E-01  0.6307941863E+00  0.6800784217E-01
0.3066592197E+01  0.1048856004E+01  0.1763304533E+00  -.3183945885E-01  0.6349266863E+00  0.6751674996E-01
0.3087644145E+01  0.1048856004E+01  0.1756600299E+00  -.3185245870E-01  0.6390045476E+00  0.6702695126E-01
0.3108696093E+01  0.1048856004E+01  0.1749893563E+00  -.3186323116E-01  0.6430273614E+00  0.6653848652E-01
0.3129748041E+01  0.1048856004E+01  0.1743184791E+00  -.3187180342E-01  0.6469947388E+00  0.6605139535E-01
0.3150799989E+01  0.1048856004E+01  0.1736474445E+00  -.3187820271E-01  0.6509063107E+00  0.6556571651E-01
0.3171851937E+01  0.1048856004E+01  0.1729762977E+00  -.3188245631E-01  0.6547617272E+00  0.6508148792E-01
0.3192903885E+01  0.1048856004E+01  0.1723050837E+00  -.3188459155E-01  0.6585606580E+00  0.6459874668E-01
0.3213955833E+01  0.1048856004E+01  0.1716338468E+00  -.3188463576E-01  0.6623027917E+00  0.6411752902E-01
0.3235007781E+01  0.1048856004E+01  0.1709626308E+00  -.3188261631E-01  0.6659878357E+00  0.6363787036E-01
0.3256059729E+01  0.1048856004E+01  0.1702914787E+00  -.3187856056E-01  0.6696155162E+00  0.6315980529E-01
0.3277111677E+01  0.1048856004E+01  0.1696204333E+00  -.3187249588E-01  0.6731855780E+00  0.6268336758E-01
0.3298163625E+01  0.1048856004E+01  0.1689495364E+00  -.3186444962E-01  0.6766977839E+00  0.6220859016E-01
0.3319215573E+01  0.1048856004E+01  0.1682788295E+00  -.3185444911E-01  0.6801519149E+00  0.6173550516E-01
0.3340267521E+01  0.1048856004E+01  0.1676083535E+00  -.3184252166E-01  0.6835477697E+00  0.6126414390E-01
0.3361319469E+01  0.1048856004E+01  0.1669381486E+00  -.3182869455E-01  0.6868851647E+00  0.6079453689E-01
0.3382371417E+01  0.1048856004E+01  0.1662682546E+00  -.3181299499E-01  0.6901639334E+00  0.6032671385E-01
0.3403423365E+01  0.1048856004E+01  0.1655987105E+00  -.3179545017E-01  0.6933839266E+00  0.5986070369E-01
0.3424475314E+01  0.1048856004E+01  0.1649295550E+00  -.3177608721E-01  0.6965450120E+00  0.5939653453E-01
0.3445527262E+01  0.1048856004E+01  0.1642608260E+00  -.3175493315E-01  0.6996470738E+00  0.5893423373E-01
0.3466579210E+01  0.1048856004E+01  0.1635925610E+00  -.3173201496E-01  0.7026900126E+00  0.5847382785E-01
0.3487631158E+01  0.1048856004E+01  0.1629247968E+00  -.3170735956E-01  0.7056737451E+00  0.5801534268E-01
0.3508683106E+01  0.1048856004E+01  0.1622575696E+00  -.3168099374E-01  0.7085982040E+00  0.5755880327E-01
0.3529735054E+01  0.1048856004E+01  0.1615909153E+00  -.3165294421E-01  0.7114633373E+00  0.5710423388E-01
0.3550787002E+01  0.1048856004E+01  0.1609248690E+00  -.3162323760E-01  0.7142691088E+00  0.5665165804E-01
0.3571838950E+01  0.1048856004E+01  0.1602594652E+00  -.3159190041E-01  0.7170154970E+00  0.5620109854E-01
0.3592890898E+01  0.1048856004E+01  0.1595947381E+00  -.3155895903E-01  0.7197024955E+00  0.5575257742E-01
0.3615796362E+01  0.1048856004E+01  0.1588722930E+00  -.3152132580E-01  0.7225586170E+00  0.5526690671E-01
0.3638701825E+01  0.1048856004E+01  0.1581507310E+00  -.3148185824E-01  0.7253444699E+00  0.5478370083E-01
0.3662424046E+01  0.1048856004E+01  0.1574044149E+00  -.3143908550E-01  0.7281556414E+00  0.5428589033E-01
0.3686146267E+01  0.1048856004E+01  0.1566591361E+00  -.3139441820E-01  0.7308915735E+00  0.5379077810E-01
0.3709868488E+01  0.1048856004E+01  0.1559149390E+00  -.3134789313E-01  0.7335523644E+00  0.5329839022E-01
0.3733590709E+01  0.1048856004E+01  0.1551718672E+00  -.3129954680E-01  0.7361381337E+00  0.5280875166E-01
0.3757312931E+01  0.1048856004E+01  0.1544299635E+00  -.3124941551E-01  0.7386490216E+00  0.5232188630E-01
0.3781035152E+01  0.1048856004E+01  0.1536892699E+00  -.3119753528E-01  0.7410851884E+00  0.5183781692E-01
0.3804757373E+01  0.1048856004E+01  0.1529498274E+00  -.3114394187E-01  0.7434468145E+00  0.5135656527E-01
0.3828479594E+01  0.1048856004E+01  0.1522116763E+00  -.3108867080E-01  0.7457340992E+00  0.5087815204E-01
0.3852201815E+01  0.1048856004E+01  0.1514748558E+00  -.3103175727E-01  0.7479472609E+00  0.5040259688E-01
0.3875924036E+01  0.1048856004E+01  0.1507394046E+00  -.3097323624E-01  0.7500865361E+00  0.4992991843E-01
0.3899646257E+01  0.1048856004E+01  0.1500053603E+00  -.3091314235E-01  0.7521521792E+00  0.4946013434E-01
0.3923368478E+01  0.1048856004E+01  0.1492727599E+00  -.3085150997E-01  0.7541444621E+00  0.4899326125E-01
0.3947090699E+01  0.1048856004E+01  0.1485416395E+00  -.3078837315E-01  0.7560636733E+00  0.4852931486E-01
0.3970812920E+01  0.1048856004E+01  0.1478120344E+00  -.3072376564E-01  0.7579101180E+00  0.4806830989E-01
0.3994535141E+01  0.1048856004E+01  0.1470839790E+00  -.3065772088E-01  0.7596841172E+00  0.4761026014E-01
0.4018257362E+01  0.1048856004E+01  0.1463575070E+00  -.3059027200E-01  0.7613860074E+00  0.4715517849E-01
0.4041979583E+01  0.1048856004E+01  0.1456326514E+00  -.3052145179E-01  0.7630161401E+00  0.4670307690E-01
0.4065701804E+01  0.1048856004E+01  0.1449094443E+00  -.3045129274E-01  0.7645748815E+00  0.4625396646E-01
0.4089424025E+01  0.1048856004E+01  0.1441879172E+00  -.3037982698E-01  0.7660626117E+00  0.4580785738E-01
0.4113146246E+01  0.1048856004E+01  0.1434681005E+00  -.3030708635E-01  0.7674797247E+00  0.4536475901E-01
0.4136868467E+01  0.1048856004E+01  0.1427500242E+00  -.3023310231E-01  0.7688266273E+00  0.4492467986E-01
0.4160590688E+01  0.1048856004E+01  0.1420337174E+00  -.3015790602E-01  0.7701037396E+00  0.4448762762E-01
0.4184312909E+01  0.1048856004E+01  0.1413192085E+00  -.3008152826E-01  0.7713114936E+00  0.4405360916E-01
0.4208035130E+01  0.1048856004E+01  0.1406065252E+00  -.3000399949E-01  0.7724503335E+00  0.4362263058E-01
0.4231757351E+01  0.1048856004E+01  0.1398956944E+00  -.2992534982E-01  0.7735207146E+00  0.4319469719E-01
0.4255479572E+01  0.1048856004E+01  0.1391867423E+00  -.2984560900E-01  0.7745231036E+00  0.4276981353E-01
0.4279201793E+01  0.1048856004E+01  0.1384796945E+00  -.2976480643E-01  0.7754579776E+00  0.4234798342E-01
0.4302924014E+01  0.1048856004E+01  0.1377745758E+00  -.2968297118E-01  0.7763258241E+00  0.4192920994E-01
0.4324943717E+01  0.1048856004E+01  0.1371218103E+00  -.2960611006E-01  0.7770718359E+00  0.4154322890E-01
0.4346963419E+01  0.1048856004E+01  0.1364707465E+00  -.2952840656E-01  0.7777609290E+00  0.4115988489E-01
0.4367240396E+01  0.1048856004E+01  0.1358727313E+00  -.2945612712E-01  0.7783454993E+00  0.4080921319E-01
0.4387517374E+01  0.1048856004E+01  0.1352761887E+00  -.2938316967E-01  0.7788824791E+00  0.4046077864E-01
0.4407794351E+01  0.1048856004E+01  0.1346811321E+00  -.2930955133E-01  0.7793721993E+00  0.4011458118E-01
0.4428071328E+01  0.1048856004E+01  0.1340875748E+00  -.2923528902E-01  0.7798149947E+00  0.3977062041E-01
0.4448348305E+01  0.1048856004E+01  0.1334955298E+00  -.2916039946E-01  0.7802112044E+00  0.3942889559E-01
0.4468625282E+01  0.1048856004E+01  0.1329050094E+00  -.2908489919E-01  0.7805611716E+00  0.3908940566E-01
0.4488902260E+01  0.1048856004E+01  0.1323160261E+00  -.2900880455E-01  0.7808652429E+00  0.3875214922E-01
0.4509179237E+01  0.1048856004E+01  0.1317285916E+00  -.2893213169E-01  0.7811237687E+00  0.3841712458E-01
0.4529456214E+01  0.1048856004E+01  0.1311427175E+00  -.2885489656E-01  0.7813371030E+00  0.3808432972E-01
0.4549733191E+01  0.1048856004E+01  0.1305584151E+00  -.2877711495E-01  0.7815056027E+00  0.3775376233E-01
0.4570010168E+01  0.1048856004E+01  0.1299756953E+00  -.2869880242E-01  0.7816296283E+00  0.3742541980E-01
0.4590287146E+01  0.1048856004E+01  0.1293945687E+00  -.2861997436E-01  0.7817095428E+00  0.3709929923E-01
0.4610564123E+01  0.1048856004E+01  0.1288150456E+00  -.2854064596E-01  0.7817457124E+00  0.3677539745E-01
0.4630841100E+01  0.1048856004E+01  0.1282371359E+00  -.2846083222E-01  0.7817385058E+00  0.3645371099E-01
0.4651118077E+01  0.1048856004E+01  0.1276608495E+00  -.2838054796E-01  0.7816882942E+00  0.3613423614E-01
0.4671395054E+01  0.1048856004E+01  0.1270861956E+00  -.2829980781E-01  0.7815954511E+00  0.3581696891E-01
0.4691672032E+01  0.1048856004E+01  0.1265131833E+00  -.2821862618E-01  0.7814603526E+00  0.3550190505E-01
0.4711949009E+01  0.1048856004E+01  0.1259418216E+00  -.2813701734E-01  0.7812833766E+00  0.3518904008E-01
0.4732225986E+01  0.1048856004E+01  0.1253721188E+00  -.2805499534E-01  0.7810649028E+00  0.3487836925E-01
0.4752502963E+01  0.1048856004E+01  0.1248040833E+00  -.2797257405E-01  0.7808053132E+00  0.3456988759E-01
0.4772779940E+01  0.1048856004E+01  0.1242377229E+00  -.2788976716E-01  0.7805049912E+00  0.3426358989E-01
0.4793056918E+01  0.1048856004E+01  0.1236730454E+00  -.2780658816E-01  0.7801643217E+00  0.3395947072E-01
0.4813333895E+01  0.1048856004E+01  0.1231100582E+00  -.2772305037E-01  0.7797836911E+00  0.3365752442E-01
0.4833610872E+01  0.1048856004E+01  0.1225487685E+00  -.2763916692E-01  0.7793634873E+00  0.3335774512E-01
0.4853887849E+01  0.1048856004E+01  0.1219891830E+00  -.2755495076E-01  0.7789040992E+00  0.3306012675E-01
0.4874164826E+01  0.1048856004E+01  0.1214313084E+00  -.2747041465E-01  0.7784059167E+00  0.3276466302E-01
0.4894441804E+01  0.1048856004E+01  0.1208751511E+00  -.2738557118E-01  0.7778693309E+00  0.3247134746E-01
0.4914718781E+01  0.1048856004E+01  0.1203207172E+00  -.2730043275E-01  0.7772947335E+00  0.3218017340E-01
0.4934995758E+01  0.1048856004E+01  0.1197680125E+00  -.2721501159E-01  0.7766825171E+00  0.3189113397E-01
0.4955272735E+01  0.1048856004E+01  0.1192170427E+00  -.2712931973E-01  0.7760330747E+00  0.3160422215E-01
0.4975549712E+01  0.1048856004E+01  0.1186678131E+00  -.2704336906E-01  0.7753468001E+00  0.3131943071E-01
0.4995826690E+01  0.1048856004E+01  0.1181203288E+00  -.2695717127E-01  0.7746240873E+00  0.3103675227E-01
0.5016103667E+01  0.1048856004E+01  0.1175745948E+00  -.2687073788E-01  0.7738653307E+00  0.3075617929E-01
0.5036380644E+01  0.1048856004E+01  0.1170306156E+00  -.2678408022E-01  0.7730709247E+00  0.3047770404E-01
0.5056981531E+01  0.1048856004E+01  0.1164797486E+00  -.2669582012E-01  0.7722277269E+00  0.3019692052E-01
0.5077582419E+01  0.1048856004E+01  0.1159307019E+00  -.2660735161E-01  0.7713485529E+00  0.2991828576E-01
0.5098314590E+01  0.1048856004E+01  0.1153799984E+00  -.2651812040E-01  0.7704278741E+00  0.2964003603E-01
0.5119046761E+01  0.1048856004E+01  0.1148311468E+00  -.2642870100E-01  0.7694715996E+00  0.2936394498E-01
0.5139778932E+01  0.1048856004E+01  0.1142841509E+00  -.2633910463E-01  0.7684801508E+00  0.2909000359E-01
0.5160511103E+01  0.1048856004E+01  0.1137390143E+00  -.2624934232E-01  0.7674539485E+00  0.2881820267E-01
0.5181243274E+01  0.1048856004E+01  0.1131957403E+00  -.2615942490E-01  0.7663934130E+00  0.2854853292E-01
0.5201975445E+01  0.1048856004E+01  0.1126543319E+00  -.2606936306E-01  0.7652989640E+00  0.2828098489E-01
0.5222707616E+01  0.1048856004E+01  0.1121147922E+00  -.2597916728E-01  0.7641710207E+00  0.2801554900E-01
0.5243439787E+01  0.1048856004E+01  0.1115771237E+00  -.2588884788E-01  0.7630100012E+00  0.2775221556E-01
0.5264171958E+01  0.1048856004E+01  0.1110413289E+00  -.2579841501E-01  0.7618163231E+00  0.2749097476E-01
0.5284904130E+01  0.1048856004E+01  0.1105074101E+00  -.2570787862E-01  0.7605904029E+00  0.2723181665E-01
0.5305636301E+01  0.1048856004E+01  0.1099753693E+00  -.2561724854E-01  0.7593326561E+00  0.2697473121E-01
0.5326368472E+01  0.1048856004E+01  0.1094452083E+00  -.2552653438E-01  0.7580434972E+00  0.2671970828E-01
0.5347100643E+01  0.1048856004E+01  0.1089169289E+00  -.2543574562E-01  0.7567233393E+00  0.2646673763E-01
0.5367832814E+01  0.1048856004E+01  0.1083905323E+00  -.2534489155E-01  0.7553725946E+00  0.2621580890E-01
0.5388564985E+01  0.1048856004E+01  0.1078660200E+00  -.2525398130E-01  0.7539916737E+00  0.2596691167E-01
0.5409297156E+01  0.1048856004E+01  0.1073433929E+00  -.2516302386E-01  0.7525809860E+00  0.2572003541E-01
0.5430029327E+01  0.1048856004E+01  0.1068226520E+00  -.2507202803E-01  0.7511409394E+00  0.2547516952E-01
0.5450761498E+01  0.1048856004E+01  0.1063037980E+00  -.2498100246E-01  0.7496719402E+00  0.2523230331E-01
0.5471493669E+01  0.1048856004E+01  0.1057868313E+00  -.2488995566E-01  0.7481743933E+00  0.2499142603E-01
0.5492225840E+01  0.1048856004E+01  0.1052717524E+00  -.2479889595E-01  0.7466487019E+00  0.2475252684E-01
0.5512958012E+01  0.1048856004E+01  0.1047585615E+00  -.2470783153E-01  0.7450952674E+00  0.2451559484E-01
0.5533690183E+01  0.1048856004E+01  0.1042472584E+00  -.2461677043E-01  0.7435144896E+00  0.2428061907E-01
0.5554422354E+01  0.1048856004E+01  0.1037378432E+00  -.2452572053E-01  0.7419067664E+00  0.2404758851E-01
0.5575154525E+01  0.1048856004E+01  0.1032303154E+00  -.2443468956E-01  0.7402724940E+00  0.2381649207E-01
0.5595886696E+01  0.1048856004E+01  0.1027246747E+00  -.2434368512E-01  0.7386120665E+00  0.2358731861E-01
0.5616618867E+01  0.1048856004E+01  0.1022209203E+00  -.2425271463E-01  0.7369258761E+00  0.2336005696E-01
0.5637351038E+01  0.1048856004E+01  0.1017190515E+00  -.2416178540E-01  0.7352143131E+00  0.2313469588E-01
0.5658083209E+01  0.1048856004E+01  0.1012190674E+00  -.2407090458E-01  0.7334777656E+00  0.2291122410E-01
0.5678815380E+01  0.1048856004E+01  0.1007209669E+00  -.2398007918E-01  0.7317166198E+00  0.2268963030E-01
0.5699547551E+01  0.1048856004E+01  0.1002247488E+00  -.2388931607E-01  0.7299312595E+00  0.2246990313E-01
0.5720279723E+01  0.1048856004E+01  0.9973041167E-01  -.2379862200E-01  0.7281220666E+00  0.2225203121E-01
0.5741011894E+01  0.1048856004E+01  0.9923795406E-01  -.2370800356E-01  0.7262894207E+00  0.2203600311E-01
0.5762336348E+01  0.1048856004E+01  0.9873338687E-01  -.2361488202E-01  0.7243803489E+00  0.2181571500E-01
0.5783660802E+01  0.1048856004E+01  0.9823080446E-01  -.2352185422E-01  0.7224472722E+00  0.2159735298E-01
0.5806247089E+01  0.1048856004E+01  0.9770064484E-01  -.2342343141E-01  0.7203740828E+00  0.2136815634E-01
0.5828833376E+01  0.1048856004E+01  0.9717270687E-01  -.2332512918E-01  0.7182748968E+00  0.2114109156E-01
0.5851419662E+01  0.1048856004E+01  0.9664698776E-01  -.2322695517E-01  0.7161501897E+00  0.2091614375E-01
0.5874005949E+01  0.1048856004E+01  0.9612348451E-01  -.2312891687E-01  0.7140004333E+00  0.2069329797E-01
0.5896592236E+01  0.1048856004E+01  0.9560219398E-01  -.2303102158E-01  0.7118260959E+00  0.2047253927E-01
0.5919178523E+01  0.1048856004E+01  0.9508311286E-01  -.2293327644E-01  0.7096276425E+00  0.2025385271E-01
0.5941764810E+01  0.1048856004E+01  0.9456623768E-01  -.2283568842E-01  0.7074055344E+00  0.2003722332E-01
0.5964351096E+01  0.1048856004E+01  0.9405156481E-01  -.2273826431E-01  0.7051602296E+00  0.1982263614E-01
0.5986937383E+01  0.1048856004E+01  0.9353909048E-01  -.2264101075E-01  0.7028921822E+00  0.1961007619E-01
0.6009523670E+01  0.1048856004E+01  0.9302881075E-01  -.2254393421E-01  0.7006018429E+00  0.1939952852E-01
0.6032109957E+01  0.1048856004E+01  0.9252072157E-01  -.2244704100E-01  0.6982896587E+00  0.1919097817E-01
0.6054696244E+01  0.1048856004E+01  0.9201481871E-01  -.2235033728E-01  0.6959560730E+00  0.1898441018E-01
0.6077282530E+01  0.1048856004E+01  0.9151109784E-01  -.2225382905E-01  0.6936015253E+00  0.1877980963E-01
0.6099868817E+01  0.1048856004E+01  0.9100955447E-01  -.2215752216E-01  0.6912264517E+00  0.1857716159E-01
0.6122455104E+01  0.1048856004E+01  0.9051018398E-01  -.2206142230E-01  0.6888312841E+00  0.1837645116E-01
0.6145041391E+01  0.1048856004E+01  0.9001298164E-01  -.2196553503E-01  0.6864164512E+00  0.1817766346E-01
0.6167627678E+01  0.1048856004E+01  0.8951794259E-01  -.2186986575E-01  0.6839823775E+00  0.1798078363E-01
0.6190213964E+01  0.1048856004E+01  0.8902506184E-01  -.2177441972E-01  0.6815294838E+00  0.1778579685E-01
0.6212800251E+01  0.1048856004E+01  0.8853433429E-01  -.2167920206E-01  0.6790581873E+00  0.1759268831E-01
0.6235386538E+01  0.1048856004E+01  0.8804575473E-01  -.2158421776E-01  0.6765689012E+00  0.1740144324E-01
0.6257972825E+01  0.1048856004E+01  0.8755931783E-01  -.2148947167E-01  0.6740620348E+00  0.1721204692E-01
0.6280559112E+01  0.1048856004E+01  0.8707501816E-01  -.2139496848E-01  0.6715379939E+00  0.1702448464E-01
0.6303145398E+01  0.1048856004E+01  0.8659285018E-01  -.2130071279E-01  0.6689971801E+00  0.1683874175E-01
0.6325731685E+01  0.1048856004E+01  0.8611280825E-01  -.2120670904E-01  0.6664399913E+00  0.1665480363E-01
0.6348317972E+01  0.1048856004E+01  0.8563488663E-01  -.2111296156E-01  0.6638668216E+00  0.1647265571E-01
0.6370904259E+01  0.1048856004E+01  0.8515907948E-01  -.2101947454E-01  0.6612780612E+00  0.1629228346E-01
0.6393490546E+01  0.1048856004E+01  0.8468538088E-01  -.2092625205E-01  0.6586740964E+00  0.1611367239E-01
0.6416076833E+01  0.1048856004E+01  0.8421378480E-01  -.2083329805E-01  0.6560553098E+00  0.1593680809E-01
0.6438663119E+01  0.1048856004E+01  0.8374428514E-01  -.2074061637E-01  0.6534220799E+00  0.1576167616E-01
0.6461249406E+01  0.1048856004E+01  0.8327687570E-01  -.2064821073E-01  0.6507747815E+00  0.1558826229E-01
0.6484888826E+01  0.1048856004E+01  0.8278990417E-01  -.2055179602E-01  0.6479893830E+00  0.1540858718E-01
0.6508528247E+01  0.1048856004E+01  0.8230520817E-01  -.2045569164E-01  0.6451894007E+00  0.1523076215E-01
0.6534080903E+01  0.1048856004E+01  0.8178383442E-01  -.2035216258E-01  0.6421468826E+00  0.1504060700E-01
0.6559633559E+01  0.1048856004E+01  0.8126510137E-01  -.2024900532E-01  0.6390883302E+00  0.1485257415E-01
0.6585186215E+01  0.1048856004E+01  0.8074899947E-01  -.2014622437E-01  0.6360142568E+00  0.1466664331E-01
0.6610738871E+01  0.1048856004E+01  0.8023551904E-01  -.2004382411E-01  0.6329251696E+00  0.1448279427E-01
0.6636291528E+01  0.1048856004E+01  0.7972465030E-01  -.1994180871E-01  0.6298215694E+00  0.1430100695E-01
0.6661844184E+01  0.1048856004E+01  0.7921638336E-01  -.1984018220E-01  0.6267039509E+00  0.1412126137E-01
0.6687396840E+01  0.1048856004E+01  0.7871070824E-01  -.1973894845E-01  0.6235728026E+00  0.1394353765E-01
0.6712949496E+01  0.1048856004E+01  0.7820761486E-01  -.1963811117E-01  0.6204286067E+00  0.1376781604E-01
0.6738502153E+01  0.1048856004E+01  0.7770709303E-01  -.1953767389E-01  0.6172718396E+00  0.1359407688E-01
0.6764054809E+01  0.1048856004E+01  0.7720913249E-01  -.1943764003E-01  0.6141029714E+00  0.1342230066E-01
0.6789607465E+01  0.1048856004E+01  0.7671372290E-01  -.1933801284E-01  0.6109224660E+00  0.1325246796E-01
0.6815160121E+01  0.1048856004E+01  0.7622085381E-01  -.1923879542E-01  0.6077307816E+00  0.1308455949E-01
0.6840712777E+01  0.1048856004E+01  0.7573051473E-01  -.1913999073E-01  0.6045283701E+00  0.1291855608E-01
0.6866265434E+01  0.1048856004E+01  0.7524269507E-01  -.1904160161E-01  0.6013156775E+00  0.1275443869E-01
0.6891818090E+01  0.1048856004E+01  0.7475738417E-01  -.1894363074E-01  0.5980931439E+00  0.1259218839E-01
0.6917370746E+01  0.1048856004E+01  0.7427457132E-01  -.1884608067E-01  0.5948612035E+00  0.1243178640E-01
0.6942923402E+01  0.1048856004E+01  0.7379424572E-01  -.1874895385E-01  0.5916202847E+00  0.1227321404E-01
0.6968476059E+01  0.1048856004E+01  0.7331639655E-01  -.1865225256E-01  0.5883708100E+00  0.1211645278E-01
0.6994028715E+01  0.1048856004E+01  0.7284101289E-01  -.1855597897E-01  0.5851131960E+00  0.1196148420E-01
0.7019581371E+01  0.1048856004E+01  0.7236808378E-01  -.1846013516E-01  0.5818478537E+00  0.1180829002E-01
0.7045134027E+01  0.1048856004E+01  0.7189759823E-01  -.1836472304E-01  0.5785751885E+00  0.1165685210E-01
0.7070686683E+01  0.1048856004E+01  0.7142954518E-01  -.1826974445E-01  0.5752955998E+00  0.1150715243E-01
0.7096239340E+01  0.1048856004E+01  0.7096391353E-01  -.1817520108E-01  0.5720094817E+00  0.1135917311E-01
0.7121791996E+01  0.1048856004E+01  0.7050069213E-01  -.1808109453E-01  0.5687172225E+00  0.1121289641E-01
0.7147344652E+01  0.1048856004E+01  0.7003986981E-01  -.1798742629E-01  0.5654192052E+00  0.1106830470E-01
0.7172897308E+01  0.1048856004E+01  0.6958143534E-01  -.1789419774E-01  0.5621158071E+00  0.1092538051E-01
0.7199484713E+01  0.1048856004E+01  0.6910695945E-01  -.1779766206E-01  0.5586733269E+00  0.1077842017E-01
0.7226072117E+01  0.1048856004E+01  0.6863504383E-01  -.1770160511E-01  0.5552258368E+00  0.1063322697E-01
0.7255867427E+01  0.1048856004E+01  0.6810921570E-01  -.1759452873E-01  0.5513569384E+00  0.1047259156E-01
0.7285662738E+01  0.1048856004E+01  0.6758656894E-01  -.1748805663E-01  0.5474828215E+00  0.1031412452E-01
0.7315458048E+01  0.1048856004E+01  0.6706708553E-01  -.1738219016E-01  0.5436040391E+00  0.1015779928E-01
0.7345253358E+01  0.1048856004E+01  0.6655074741E-01  -.1727693052E-01  0.5397211350E+00  0.1000358955E-01
0.7375048669E+01  0.1048856004E+01  0.6603753648E-01  -.1717227873E-01  0.5358346432E+00  0.9851469278E-02
0.7404843979E+01  0.1048856004E+01  0.6552743461E-01  -.1706823569E-01  0.5319450886E+00  0.9701412674E-02
0.7434639290E+01  0.1048856004E+01  0.6502042367E-01  -.1696480210E-01  0.5280529865E+00  0.9553394199E-02
0.7464434600E+01  0.1048856004E+01  0.6451648547E-01  -.1686197854E-01  0.5241588435E+00  0.9407388572E-02
0.7494229910E+01  0.1048856004E+01  0.6401560183E-01  -.1675976544E-01  0.5202631567E+00  0.9263370764E-02
0.7524025221E+01  0.1048856004E+01  0.6351775457E-01  -.1665816309E-01  0.5163664146E+00  0.9121316004E-02
0.7553820531E+01  0.1048856004E+01  0.6302292549E-01  -.1655717164E-01  0.5124690967E+00  0.8981199771E-02
0.7583615842E+01  0.1048856004E+01  0.6253109637E-01  -.1645679112E-01  0.5085716738E+00  0.8842997803E-02
0.7613411152E+01  0.1048856004E+01  0.6204224902E-01  -.1635702142E-01  0.5046746081E+00  0.8706686087E-02
0.7643206462E+01  0.1048856004E+01  0.6155636524E-01  -.1625786230E-01  0.5007783533E+00  0.8572240865E-02
0.7673001773E+01  0.1048856004E+01  0.6107342685E-01  -.1615931343E-01  0.4968833548E+00  0.8439638631E-02
0.7702797083E+01  0.1048856004E+01  0.6059341567E-01  -.1606137434E-01  0.4929900496E+00  0.8308856130E-02
0.7732592394E+01  0.1048856004E+01  0.6011631353E-01  -.1596404444E-01  0.4890988666E+00  0.8179870358E-02
0.7762387704E+01  0.1048856004E+01  0.5964210231E-01  -.1586732305E-01  0.4852102266E+00  0.8052658558E-02
0.7792183015E+01  0.1048856004E+01  0.5917076387E-01  -.1577120939E-01  0.4813245425E+00  0.7927198226E-02
0.7821978325E+01  0.1048856004E+01  0.5870228012E-01  -.1567570255E-01  0.4774422193E+00  0.7803467103E-02
0.7851773635E+01  0.1048856004E+01  0.5823663300E-01  -.1558080155E-01  0.4735636543E+00  0.7681443175E-02
0.7881568946E+01  0.1048856004E+01  0.5777380448E-01  -.1548650530E-01  0.4696892371E+00  0.7561104676E-02
0.7912240037E+01  0.1048856004E+01  0.5730029701E-01  -.1539006780E-01  0.4657056738E+00  0.7438966805E-02
